013 003 006 012 - 034
008 010 015 001 - 034
011 005 004 014 - 034
002 016 009 007 - 034
 |   |   |   |   
034 034 034 034 

004 005 011 014 - 034
015 010 008 001 - 034
006 003 013 012 - 034
009 016 002 007 - 034
 |   |   |   |   
034 034 034 034 

007 012 006 009 - 034
014 001 015 004 - 034
011 008 010 005 - 034
002 013 003 016 - 034
 |   |   |   |   
034 034 034 034 
